best_model_f1_score: 0.8046838407494146
best_model_precision_score: 0.7568281938325991
best_model_recall_score: 0.859
improved_accuracy: -0.0022147049469454227
is_model_accepted: false
latest_model_path: SAVED_MODEL\1716824055\model.pkl
train_f1_score: 0.8024691358024691
train_precision_score: 0.7640144665461122
train_recall_score: 0.845
trained_model_path: artifact\05_27_2024_21_05_16\model_trained\model_trainer\model.pkl
