best_model_f1_score: 0.7940754897276635
best_model_precision_score: 0.7602927721866423
best_model_recall_score: 0.831
improved_accuracy: 0.0019585046066139533
is_model_accepted: false
latest_model_path: SAVED_MODEL\1716748191\model.pkl
train_f1_score: 0.7960339943342775
train_precision_score: 0.7540250447227191
train_recall_score: 0.843
trained_model_path: artifact\05_27_2024_08_21_12\model_trained\model_trainer\model.pkl
