best_model_f1_score: 0.791058394160584
best_model_precision_score: 0.7273489932885906
best_model_recall_score: 0.867
improved_accuracy: 0.005765519898266902
is_model_accepted: false
latest_model_path: SAVED_MODEL\1716790600\model.pkl
train_f1_score: 0.7968239140588509
train_precision_score: 0.747589833479404
train_recall_score: 0.853
trained_model_path: artifact\05_27_2024_19_19_54\model_trained\model_trainer\model.pkl
