best_model_f1_score: 0.7960339943342775
best_model_precision_score: 0.7540250447227191
best_model_recall_score: 0.843
improved_accuracy: -0.022344941896375148
is_model_accepted: false
latest_model_path: SAVED_MODEL\1716778779\model.pkl
train_f1_score: 0.7736890524379023
train_precision_score: 0.7163543441226575
train_recall_score: 0.841
trained_model_path: artifact\05_27_2024_11_13_08\model_trained\model_trainer\model.pkl
