best_model_f1_score: 0.7932011331444759
best_model_precision_score: 0.7513416815742398
best_model_recall_score: 0.84
improved_accuracy: 0.011482707604938636
is_model_accepted: false
latest_model_path: SAVED_MODEL\1716819112\model.pkl
train_f1_score: 0.8046838407494146
train_precision_score: 0.7568281938325991
train_recall_score: 0.859
trained_model_path: artifact\05_27_2024_20_59_29\model_trained\model_trainer\model.pkl
