best_model_f1_score: 0.7736890524379023
best_model_precision_score: 0.7163543441226575
best_model_recall_score: 0.841
improved_accuracy: 0.017369341722681675
is_model_accepted: false
latest_model_path: SAVED_MODEL\1716789121\model.pkl
train_f1_score: 0.791058394160584
train_precision_score: 0.7273489932885906
train_recall_score: 0.867
trained_model_path: artifact\05_27_2024_11_35_35\model_trained\model_trainer\model.pkl
