best_model_f1_score: 0.8115942028985508
best_model_precision_score: 0.762071992976295
best_model_recall_score: 0.868
improved_accuracy: -0.020466661308901957
is_model_accepted: false
latest_model_path: SAVED_MODEL\1716825886\model.pkl
train_f1_score: 0.7911275415896488
train_precision_score: 0.7353951890034365
train_recall_score: 0.856
trained_model_path: artifact\05_27_2024_22_15_32\model_trained\model_trainer\model.pkl
